-1.83826 -5.49876 -1.88825 4.36933 1.8339 1.64069 1.19322 0.841305 0
5.21353 -11.909 -2.18442 4.4079 1.8339 1.67632 -1.55386 0.804713 0
-0.131847 6.46188 -1.63547 4.18148 1.71105 1.53191 1.60692 0.797557 0
-7.55557 -8.70558 -1.84322 4.24318 1.79931 1.54656 0.184821 0.762601 0
-16.2886 -8.42118 -1.59985 4.58797 1.93415 1.58788 2.92917 0.702326 0
9.39594 16.171 -1.40701 0.707204 0.655176 1.71859 3.38531 0.660939 8
-16.4707 -11.0887 -1.65042 4.49045 1.91442 1.71189 3.15483 0.645567 0
-20.3344 -5.78174 -1.37256 4.57455 1.92755 1.59449 -0.0803317 0.620449 0
-21.2578 -19.5621 -1.80642 4.45116 1.94077 1.5606 0.0231757 0.599368 0
-25.9426 -21.982 -1.01001 0.556584 0.63347 1.78792 0.650121 0.49633 8
-0.277536 13.9595 -1.45399 4.38643 1.75934 1.67714 1.57191 0.492306 0
-25.3404 -21.3505 -1.11727 0.566454 0.64125 1.78618 0.571633 0.491174 8
-10.9548 -25.2158 -2.24924 4.78006 1.99457 1.80723 3.18841 0.475666 0
-5.80588 -27.7094 -2.47674 4.44247 1.91068 1.69029 3.1655 0.462746 0
-22.0417 -36.4098 -2.28334 4.76608 2.04586 1.83301 0.04663 0.428054 0
-22.1431 -30.0057 -1.9948 4.4338 1.92755 1.61407 -0.0387964 0.412116 0
-10.7327 -34.8772 -2.48056 4.60143 2.0014 1.687 3.18239 0.399226 0
-10.7911 -32.5093 -2.42414 4.50803 1.97615 1.68042 3.19937 0.396243 0
-5.48703 -29.2176 -2.55248 4.44681 1.91723 1.7431 3.17529 0.376738 0
9.91107 16.867 -1.39506 0.723622 0.657419 1.71105 4.31633 0.375936 8
-5.42909 -30.8461 -2.57811 4.45986 1.93699 1.7542 3.31519 0.357455 0
-21.9629 -38.8698 -2.34305 4.56116 1.99068 1.72279 0.0285805 0.356895 0
-5.45522 -26.1443 -2.43967 4.42948 1.88842 1.6649 3.31563 0.354321 0
-0.196314 21.1126 -1.29245 4.06869 1.70106 1.55527 1.57358 0.350866 0
8.75695 15.4872 -1.418 0.694203 0.642817 1.71356 2.83113 0.343012 8
-22.0032 -34.9327 -2.23256 4.71976 2.02499 1.80547 0.0230035 0.336658 0
-10.7407 -36.4326 -2.51559 4.59694 1.99068 1.6796 3.17144 0.327991 0
-10.926 -29.2595 -2.33527 4.41652 1.95599 1.68206 3.21692 0.317426 0
-21.9112 -28.591 -1.91752 4.33109 1.91442 1.58944 -0.0495141 0.305076 0
-11.5367 -26.8068 -2.26628 4.67846 1.98874 1.79054 3.19543 0.293607 0
-2.80302 21.8476 -1.25074 0.388558 0.446791 1.45428 0.0248771 0.287768 8
-10.8964 -30.8768 -2.3856 4.45986 1.96653 1.68124 3.2174 0.281109 0
-22.0849 -33.3106 -2.16203 4.42948 1.95122 1.6796 -0.00731599 0.279337 0
-22.0001 -40.4118 -2.36734 4.47731 1.96173 1.65517 0.0279241 0.279042 0
-5.36613 -48.4806 -2.87284 4.50363 1.96845 1.63909 3.12716 0.267217 0
-5.33548 -46.8881 -2.84461 4.46858 1.96078 1.61525 3.117 0.261897 0
-25.2007 -20.7216 -1.13116 0.581021 0.645018 1.78356 0.245921 0.258888 8
-3.64959 -36.502 -2.70742 2.19275 0.780038 1.51258 -1.57246 0.252568 6
4.54805 41.0849 -0.865295 5.90835 2.34331 2.68793 -1.17607 0.249996 1
-5.33764 -45.2839 -2.81456 4.41221 1.93888 1.58015 3.1282 0.248717 0
-22.7905 -31.5743 -2.0624 4.45116 1.94647 1.60308 9.19104e-05 0.246171 0
-26.5754 -22.1651 -0.913013 0.560949 0.631925 1.80812 0.485914 0.240239 8
-5.42126 -50.0569 -2.91579 4.49045 1.96653 1.64109 3.19929 0.238284 0
-2.69658 21.2644 -1.26542 0.458728 0.512249 1.56403 0.149829 0.237753 8
-25.2105 -4.32693 -0.370713 0.595962 0.6194 1.67468 -0.503799 0.231788 8
-5.34448 -43.7052 -2.79297 4.3608 1.91723 1.56556 3.16738 0.231093 0
-10.7774 -37.9884 -2.53454 4.55227 1.96557 1.64751 3.16341 0.229018 0
-5.34511 -32.3516 -2.60375 4.39501 1.90789 1.71691 3.86553 0.222869 0
-10.663 -23.8797 -2.2163 4.75678 1.97615 1.80371 3.23806 0.221014 0
-26.7264 -22.722 -0.929169 0.565901 0.641876 1.81165 0.647982 0.216177 8
-5.40713 -51.6467 -2.98443 4.26811 1.93132 1.64189 3.23865 0.214691 0
-25.9642 -4.38039 -0.294493 0.62716 0.631 1.67878 3.60105 0.209955 8
-24.4532 -4.31461 -0.475265 0.564246 0.606235 1.6706 -0.826264 0.204501 8
5.24775 42.6119 -0.843401 6.11379 2.40591 2.7557 -1.2478 0.202759 1
-5.27252 -38.0784 -2.71886 4.36933 1.87739 1.6323 4.11853 0.201971 0
-24.7984 -21.2059 -1.23593 0.59248 0.67104 1.80635 0.597938 0.194674 8
-3.67214 -32.4812 -2.63333 2.32734 0.851179 1.61762 4.66653 0.191328 6
3.71042 34.6834 -1.02222 5.87957 2.26235 2.5976 4.60309 0.183594 1
-3.65337 -38.0042 -2.75397 2.28456 0.814484 1.5211 4.68618 0.183594 6
-3.6608 -34.9164 -2.67187 2.21643 0.790004 1.56022 -1.52874 0.181553 6
0.932848 -50.9253 -3.11851 4.54782 1.90882 1.67305 1.59643 0.181118 0
-22.0267 -41.9757 -2.37169 4.45986 1.94362 1.6327 0.0501661 0.179818 0
-26.7778 -4.4718 -0.243101 0.650236 0.64376 1.687 3.15934 0.178956 8
-5.32663 -42.1173 -2.78326 4.3736 1.91629 1.58131 3.1973 0.175962 0
-5.26086 -39.6428 -2.75656 4.42515 1.93509 1.62713 3.52071 0.173428 0
-28.3981 -4.62969 -0.202526 0.678288 0.660637 1.72363 3.06765 0.169681 8
-27.6078 -4.56416 -0.215952 0.669077 0.655496 1.70438 3.08632 0.169543 8
4.48535 38.7073 -0.913563 5.459 2.18954 2.38137 -1.45018 0.16872 1
-23.6624 -4.30967 -0.632411 0.563695 0.605052 1.67796 3.46192 0.167083 8
-3.10082 -37.2523 -2.7747 2.024 0.749331 1.43558 -1.51259 0.164248 6
-2.85604 22.4625 -1.23966 0.380299 0.439006 1.45641 -0.118117 0.159217 8
-21.9755 -26.9167 -1.85355 4.33533 1.92473 1.62395 -0.0370049 0.15393 0
-21.9726 -25.2694 -1.79518 4.4338 1.95408 1.66328 -0.0192827 0.149904 0
-10.839 -39.6059 -2.55054 4.50803 1.93132 1.61407 3.15623 0.148911 0
-29.1575 -4.64938 -0.181202 0.684944 0.66096 1.7414 3.05217 0.147678 8
-21.2083 -22.0372 -1.80353 4.3608 1.90509 1.63469 -0.0447092 0.14731 0
-22.0115 -13.2283 -1.59222 4.70136 2.0014 1.66084 3.29407 0.143427 0
-25.7955 -20.7478 -1.0248 0.575936 0.637815 1.77748 0.2297 0.141637 8
-5.27319 -35.721 -2.6615 4.18556 1.79492 1.63869 4.31155 0.141281 0
-2.12428 21.1649 -1.27375 0.518287 0.596836 1.62951 0.727866 0.140336 8
-2.16949 21.8048 -1.25328 0.453384 0.527735 1.54581 0.507001 0.140218 8
3.00781 32.2976 -1.0646 5.93148 2.28344 2.60141 4.5432 0.130064 1
-21.0777 37.1485 -0.0840086 0.69607 0.685613 1.85733 2.8045 0.129403 8
-0.206584 17.012 -1.39597 4.31421 1.7414 1.65033 1.57759 0.126246 0
5.29112 49.8914 -0.541783 6.98899 2.52384 2.83209 -1.44837 0.126138 1
-21.2882 -23.672 -1.81422 4.36933 1.93038 1.6755 -0.0853387 0.125923 0
-5.89778 -24.632 -2.383 4.49484 1.88382 1.66653 -0.0728711 0.125279 0
-21.9093 38.6854 -0.0201671 0.689811 0.68061 1.85099 2.80142 0.121895 8
-22.9389 -4.32746 -0.78108 0.529542 0.559581 1.6196 3.4157 0.121061 8
10.1125 17.5858 -1.36718 0.723975 0.65103 1.70522 4.47603 0.120957 8
-3.10447 -35.7557 -2.72866 2.05387 0.753367 1.45215 -1.4805 0.120335 6
-20.385 36.29 -0.147027 0.686283 0.690316 1.86005 2.79321 0.119305 8
-21.2321 37.8424 -0.0787542 0.686619 0.68294 1.84738 2.82367 0.117775 8
-10.9033 -41.2141 -2.58068 4.48169 1.91348 1.60347 3.15341 0.114369 0
-0.987458 21.8173 -1.34497 2.17781 1.22493 1.62356 1.53796 0.113776 0
-9.30969 -21.2964 -2.15601 4.73823 1.97326 1.80283 3.19443 0.112991 0
-26.5477 -21.4961 -0.906104 0.576499 0.63626 1.7958 0.349478 0.112991 8
-27.469 47.5396 0.446759 0.670222 0.678288 1.87464 2.74026 0.112991 8
-29.9281 -5.14193 -0.139774 0.691666 0.667772 1.76623 3.14091 0.110088 8
-3.20255 21.9701 -1.194 0.36573 0.421982 1.38599 -0.0244372 0.109515 8
-20.231 35.6053 -0.147421 0.702044 0.699136 1.87831 2.77118 0.109515 8
-2.65272 20.4942 -1.26932 0.53946 0.573411 1.67468 0.0259678 0.108756 8
6.07339 12.3163 -1.4005 0.397384 0.402658 0.744226 3.89922 0.107437 9
-27.5121 48.2928 0.440391 0.684443 0.679614 1.89212 2.68095 0.105579 8
-22.048 -43.5779 -2.36394 4.41652 1.93226 1.63111 0.0615015 0.105027 0
-28.3201 49.8892 0.529662 0.757609 0.697431 1.82052 2.38953 0.104295 8
-3.05594 -38.8128 -2.81371 1.98292 0.74024 1.47754 -1.54421 0.10393 6
-22.6375 39.5381 0.0379674 0.701872 0.683942 1.85733 2.80264 0.103567 8
-26.746 46.7325 0.380086 0.681109 0.689979 1.8719 2.74705 0.102305 8
-28.2616 49.1101 0.554638 0.676634 0.71397 1.85461 2.49973 0.101589 8
-20.4643 -18.3609 -1.84905 4.37787 1.93888 1.54543 0.000517726 0.101411 0
